128554462
248062665
309832322
384222065
3203731
354669428
374920170
267695291
305376977
384161213
55919026
384125651
320621270
96453460
68544222
384115719
384081828
243036162
245403851
120385398
68603777
43291533
54000262
384014777
383451832
383925143
361196230
383830681
380683818
36618141
363911466
42199103
125413510
354813674
226372105
363754234
315068028
282762880
18074180
19946780
176363995
314553576
2155311
319827712
156489585
373818470
244849169
358862776
371943965
381532649